10, 12	0.5
10, 34	0.5
12, 10	0.09090909
12, 18	0.09090909
12, 34	0.36363637
12, 56	0.18181819
12, 79	0.09090909
12, 92	0.18181819
18, 12	0.25
18, 29	0.125
18, 34	0.25
18, 56	0.125
18, 79	0.125
18, 92	0.125
29, 10	0.06666667
29, 12	0.26666668
29, 18	0.06666667
29, 34	0.26666668
29, 56	0.13333334
29, 79	0.06666667
29, 92	0.13333334
34, 10	0.083333336
34, 12	0.25
34, 18	0.083333336
34, 29	0.083333336
34, 56	0.25
34, 79	0.083333336
34, 92	0.16666667
56, 10	0.1
56, 12	0.3
56, 29	0.1
56, 34	0.3
56, 92	0.2
79, 12	0.2
79, 18	0.2
79, 34	0.2
79, 56	0.2
79, 92	0.2
92, 10	0.33333334
92, 12	0.33333334
92, 34	0.33333334
